17.286 17.083 -0.203
17.338 17.168 -0.17
17.379 17.167 -0.212
17.408 17.237 -0.171
17.457 17.253 -0.204
17.47 17.297 -0.173
17.535 17.335 -0.2
17.558 17.396 -0.162
17.563 17.382 -0.181
17.571 17.409 -0.162
17.607 17.43 -0.177
17.619 17.414 -0.205
17.623 17.468 -0.155
17.633 17.474 -0.159
17.658 17.493 -0.165
17.673 17.454 -0.219
17.679 17.53 -0.149
17.711 17.525 -0.186
17.748 17.574 -0.174
17.749 17.55 -0.199
17.756 17.581 -0.175
17.76 17.588 -0.172
17.849 17.657 -0.192
17.85 17.676 -0.174
17.858 17.673 -0.185
17.87 17.682 -0.188
17.871 17.665 -0.206
17.9 17.727 -0.173
17.901 17.735 -0.166
17.914 17.748 -0.166
17.925 17.749 -0.176
17.984 17.799 -0.185
17.99 17.798 -0.192
17.994 17.829 -0.165
18.015 17.834 -0.181
18.048 17.877 -0.171
18.095 17.941 -0.154
18.103 17.912 -0.191
18.127 17.945 -0.182
18.131 17.96 -0.171
18.146 17.98 -0.166
18.158 17.991 -0.167
18.166 17.999 -0.167
18.19 18.038 -0.152
18.193 17.977 -0.216
18.22 18.031 -0.189
18.23 18.068 -0.162
18.255 18.099 -0.156
------------------------------------------------

Aperture correction: -0.178217391304
End of aperture correction
Aperture correction performed.
