17.997 17.796 -0.201
18.106 17.891 -0.215
18.125 17.928 -0.197
18.128 17.935 -0.193
18.151 17.962 -0.189
18.155 17.987 -0.168
18.157 17.952 -0.205
18.163 17.975 -0.188
18.167 17.969 -0.198
18.175 17.974 -0.201
18.185 17.981 -0.204
18.185 17.956 -0.229
18.188 18.0 -0.188
18.195 17.973 -0.222
18.194 17.997 -0.197
18.205 18.035 -0.17
18.21 18.008 -0.202
18.211 18.011 -0.2
18.212 17.983 -0.229
18.218 18.034 -0.184
18.22 18.044 -0.176
18.224 18.031 -0.193
18.229 18.053 -0.176
18.235 18.006 -0.229
18.242 18.045 -0.197
18.243 18.064 -0.179
18.246 18.068 -0.178
18.249 18.051 -0.198
18.253 18.038 -0.215
18.26 18.053 -0.207
18.266 18.104 -0.162
18.269 18.054 -0.215
18.278 18.085 -0.193
18.281 18.117 -0.164
18.292 18.141 -0.151
18.299 18.093 -0.206
------------------------------------------------

Aperture correction: -0.195264705882
End of aperture correction
Aperture correction performed.
