13.33 13.052 -0.278
13.347 13.098 -0.249
13.375 13.128 -0.247
13.44 13.191 -0.249
13.468 13.24 -0.228
13.499 13.247 -0.252
13.5 13.254 -0.246
13.551 13.311 -0.24
13.567 13.315 -0.252
13.607 13.359 -0.248
13.614 13.354 -0.26
13.619 13.348 -0.271
13.632 13.387 -0.245
13.638 13.404 -0.234
13.641 13.372 -0.269
13.664 13.405 -0.259
13.668 13.425 -0.243
13.667 13.418 -0.249
13.682 13.444 -0.238
13.682 13.428 -0.254
13.688 13.467 -0.221
13.708 13.476 -0.232
13.712 13.48 -0.232
13.74 13.481 -0.259
13.742 13.491 -0.251
13.777 13.53 -0.247
13.787 13.551 -0.236
13.79 13.541 -0.249
13.805 13.566 -0.239
13.821 13.567 -0.254
13.832 13.592 -0.24
13.841 13.582 -0.259
13.842 13.6 -0.242
13.861 13.621 -0.24
13.864 13.62 -0.244
13.877 13.633 -0.244
13.878 13.627 -0.251
13.894 13.646 -0.248
13.921 13.679 -0.242
13.924 13.674 -0.25
13.924 13.673 -0.251
13.927 13.668 -0.259
13.93 13.679 -0.251
13.936 13.693 -0.243
13.938 13.689 -0.249
13.949 13.731 -0.218
13.955 13.706 -0.249
------------------------------------------------

Aperture correction: -0.247
End of aperture correction
Aperture correction performed.
