14.919 14.77 -0.149
15.352 15.196 -0.156
15.398 15.212 -0.186
15.515 15.339 -0.176
15.521 15.365 -0.156
15.548 15.388 -0.16
15.587 15.411 -0.176
15.749 15.562 -0.187
15.771 15.575 -0.196
15.852 15.677 -0.175
15.858 15.664 -0.194
16.013 15.839 -0.174
16.022 15.852 -0.17
16.024 15.855 -0.169
16.122 15.931 -0.191
16.238 16.064 -0.174
16.299 16.06 -0.239
16.348 16.178 -0.17
16.385 16.211 -0.174
16.442 16.272 -0.17
16.503 16.346 -0.157
16.546 16.376 -0.17
16.566 16.378 -0.188
16.685 16.485 -0.2
16.701 16.543 -0.158
16.766 16.571 -0.195
16.791 16.601 -0.19
16.809 16.633 -0.176
16.809 16.638 -0.171
16.828 16.647 -0.181
16.904 16.703 -0.201
16.915 16.728 -0.187
16.939 16.768 -0.171
16.953 16.77 -0.183
17.02 16.825 -0.195
17.041 16.87 -0.171
17.05 16.87 -0.18
17.065 16.876 -0.189
17.12 16.937 -0.183
17.197 17.013 -0.184
17.224 17.059 -0.165
17.239 17.084 -0.155
17.274 17.075 -0.199
17.298 17.131 -0.167
17.336 17.164 -0.172
17.365 17.162 -0.203
17.392 17.213 -0.179
17.439 17.245 -0.194
------------------------------------------------

Aperture correction: -0.178652173913
End of aperture correction
Aperture correction performed.
