16.428 16.184 -0.244
16.473 16.197 -0.276
16.501 16.264 -0.237
16.517 16.259 -0.258
16.54 16.3 -0.24
16.549 16.314 -0.235
16.559 16.248 -0.311
16.576 16.289 -0.287
16.59 16.293 -0.297
16.594 16.353 -0.241
16.604 16.362 -0.242
16.617 16.327 -0.29
16.62 16.352 -0.268
16.638 16.397 -0.241
16.64 16.367 -0.273
16.642 16.399 -0.243
16.646 16.378 -0.268
16.648 16.363 -0.285
16.651 16.398 -0.253
16.655 16.432 -0.223
16.667 16.45 -0.217
16.667 16.453 -0.214
16.67 16.429 -0.241
16.672 16.436 -0.236
16.674 16.459 -0.215
16.675 16.442 -0.233
16.676 16.396 -0.28
16.683 16.43 -0.253
16.686 16.446 -0.24
16.692 16.478 -0.214
16.696 16.487 -0.209
16.712 16.494 -0.218
16.716 16.492 -0.224
16.716 16.453 -0.263
16.717 16.494 -0.223
16.73 16.495 -0.235
16.733 16.473 -0.26
16.735 16.512 -0.223
16.74 16.507 -0.233
16.744 16.511 -0.233
16.748 16.527 -0.221
16.75 16.485 -0.265
16.751 16.48 -0.271
------------------------------------------------

Aperture correction: -0.246658536585
End of aperture correction
Aperture correction performed.
