17.086 16.916 -0.17
17.106 16.918 -0.188
17.119 16.935 -0.184
17.121 16.929 -0.192
17.126 16.946 -0.18
17.141 16.955 -0.186
17.157 16.964 -0.193
17.159 17.006 -0.153
17.165 16.968 -0.197
17.167 16.998 -0.169
17.172 16.981 -0.191
17.197 17.003 -0.194
17.201 17.004 -0.197
17.211 17.022 -0.189
17.215 17.012 -0.203
17.223 17.07 -0.153
17.225 17.028 -0.197
17.227 17.039 -0.188
17.238 17.06 -0.178
17.255 17.097 -0.158
17.265 17.1 -0.165
17.271 17.072 -0.199
17.273 17.09 -0.183
17.278 17.132 -0.146
17.289 17.135 -0.154
17.294 17.141 -0.153
17.307 17.125 -0.182
17.341 17.137 -0.204
17.342 17.151 -0.191
17.342 17.139 -0.203
17.353 17.18 -0.173
17.353 17.14 -0.213
17.357 17.207 -0.15
17.364 17.175 -0.189
17.37 17.19 -0.18
17.383 17.239 -0.144
17.405 17.258 -0.147
17.416 17.248 -0.168
17.424 17.26 -0.164
17.428 17.264 -0.164
------------------------------------------------

Aperture correction: -0.178289473684
End of aperture correction
Aperture correction performed.
