13.116 12.827 -0.289
13.247 13.013 -0.234
13.291 13.07 -0.221
13.352 13.13 -0.222
13.385 13.144 -0.241
13.428 13.176 -0.252
13.652 13.427 -0.225
13.705 13.48 -0.225
13.773 13.566 -0.207
13.774 13.55 -0.224
13.895 13.672 -0.223
13.896 13.694 -0.202
13.938 13.72 -0.218
13.945 13.728 -0.217
13.95 13.72 -0.23
13.972 13.731 -0.241
13.974 13.694 -0.28
14.018 13.794 -0.224
14.02 13.741 -0.279
14.033 13.778 -0.255
14.037 13.761 -0.276
14.053 13.801 -0.252
14.093 13.766 -0.327
14.123 13.901 -0.222
14.129 13.876 -0.253
14.148 13.897 -0.251
14.155 13.942 -0.213
14.187 13.969 -0.218
14.207 13.995 -0.212
14.206 13.989 -0.217
14.212 13.993 -0.219
14.267 14.055 -0.212
14.337 14.128 -0.209
14.376 14.101 -0.275
14.378 14.153 -0.225
14.38 14.09 -0.29
14.397 14.184 -0.213
14.41 14.209 -0.201
14.42 14.189 -0.231
14.43 14.169 -0.261
14.429 14.213 -0.216
14.432 14.215 -0.217
14.472 14.204 -0.268
14.485 14.269 -0.216
14.503 14.206 -0.297
14.553 14.297 -0.256
------------------------------------------------

Aperture correction: -0.237
End of aperture correction
Aperture correction performed.
