17.629 17.365 -0.264
17.644 17.378 -0.266
17.663 17.364 -0.299
17.701 17.264 -0.437
17.711 17.429 -0.282
17.714 17.455 -0.259
17.716 17.477 -0.239
17.73 17.447 -0.283
17.734 17.449 -0.285
17.739 17.464 -0.275
17.743 17.387 -0.356
17.768 17.432 -0.336
17.77 17.508 -0.262
17.774 17.54 -0.234
17.776 17.512 -0.264
17.8 17.52 -0.28
17.814 17.546 -0.268
17.815 17.56 -0.255
17.819 17.537 -0.282
17.83 17.551 -0.279
17.831 17.597 -0.234
17.837 17.587 -0.25
17.839 17.621 -0.218
17.841 17.558 -0.283
17.848 17.609 -0.239
17.849 17.592 -0.257
17.851 17.602 -0.249
17.851 17.635 -0.216
17.852 17.627 -0.225
17.853 17.578 -0.275
17.856 17.603 -0.253
17.861 17.659 -0.202
------------------------------------------------

Aperture correction: -0.265566666667
End of aperture correction
Aperture correction performed.
