12.154 11.91 -0.244
12.271 12.056 -0.215
12.4 12.184 -0.216
12.453 12.235 -0.218
12.453 12.231 -0.222
12.459 12.253 -0.206
12.46 12.259 -0.201
12.564 12.356 -0.208
12.567 12.358 -0.209
12.567 12.36 -0.207
12.573 12.322 -0.251
12.58 12.379 -0.201
12.654 12.467 -0.187
12.674 12.462 -0.212
12.703 12.46 -0.243
12.706 12.502 -0.204
12.782 12.574 -0.208
12.81 12.606 -0.204
12.838 12.624 -0.214
12.895 12.681 -0.214
12.915 12.708 -0.207
12.924 12.73 -0.194
12.934 12.718 -0.216
12.937 12.692 -0.245
12.973 12.763 -0.21
13.034 12.828 -0.206
13.038 12.833 -0.205
13.046 12.846 -0.2
13.052 12.833 -0.219
13.067 12.844 -0.223
------------------------------------------------

Aperture correction: -0.21325
End of aperture correction
Aperture correction performed.
