18.152 17.994 -0.158
18.191 17.984 -0.207
18.226 18.042 -0.184
18.261 18.115 -0.146
18.275 18.084 -0.191
18.284 18.068 -0.216
18.291 18.123 -0.168
18.298 18.155 -0.143
18.305 18.128 -0.177
18.315 18.124 -0.191
18.345 18.137 -0.208
18.397 18.254 -0.143
18.412 18.253 -0.159
18.421 18.258 -0.163
18.428 18.257 -0.171
18.431 18.253 -0.178
18.433 18.256 -0.177
18.439 18.276 -0.163
18.445 18.063 -0.382
18.453 18.26 -0.193
18.496 18.337 -0.159
18.502 18.329 -0.173
18.51 18.334 -0.176
18.554 18.413 -0.141
18.559 18.358 -0.201
18.571 18.412 -0.159
18.584 18.409 -0.175
18.594 18.373 -0.221
18.607 18.453 -0.154
18.613 18.453 -0.16
18.627 18.426 -0.201
18.633 18.459 -0.174
18.632 18.458 -0.174
18.642 18.44 -0.202
18.668 18.516 -0.152
18.678 18.512 -0.166
18.685 18.548 -0.137
18.686 18.538 -0.148
18.708 18.509 -0.199
18.711 18.549 -0.162
18.734 18.561 -0.173
18.756 18.564 -0.192
18.758 18.612 -0.146
18.764 18.595 -0.169
18.776 18.626 -0.15
18.776 18.623 -0.153
18.779 18.632 -0.147
18.781 18.628 -0.153
------------------------------------------------

Aperture correction: -0.172086956522
End of aperture correction
Aperture correction performed.
