13.804 13.583 -0.221
13.838 13.598 -0.24
13.921 13.678 -0.243
13.984 13.776 -0.208
13.996 13.798 -0.198
14.029 13.794 -0.235
14.097 13.894 -0.203
14.19 14.0 -0.19
14.392 14.228 -0.164
14.454 14.294 -0.16
14.472 14.232 -0.24
14.495 14.262 -0.233
14.583 14.362 -0.221
14.603 14.357 -0.246
14.614 14.403 -0.211
14.635 14.396 -0.239
14.635 14.386 -0.249
14.671 14.481 -0.19
14.682 14.448 -0.234
14.683 14.451 -0.232
14.718 14.503 -0.215
14.727 14.527 -0.2
14.74 14.529 -0.211
14.751 14.561 -0.19
14.794 14.558 -0.236
14.921 14.69 -0.231
14.957 14.755 -0.202
14.996 14.821 -0.175
15.025 14.869 -0.156
15.032 14.845 -0.187
15.062 14.845 -0.217
15.107 14.937 -0.17
15.125 14.943 -0.182
15.127 14.922 -0.205
15.14 14.986 -0.154
15.172 14.965 -0.207
15.211 14.966 -0.245
15.263 15.068 -0.195
15.295 15.056 -0.239
15.327 15.137 -0.19
15.332 15.089 -0.243
15.35 15.17 -0.18
15.365 15.201 -0.164
15.378 15.2 -0.178
15.385 15.177 -0.208
15.393 15.185 -0.208
------------------------------------------------

Aperture correction: -0.207772727273
End of aperture correction
Aperture correction performed.
